  749   749 25196 results/CL00010203040607.csv
  750   750 25210 results/CL00010204050607.csv
  754   754 25353 results/CL000102050608.csv
  751   751 25242 results/CL00010304050608.csv
  747   747 25135 results/CL0001030408.csv
  748   748 25144 results/CL00010305.csv
  746   746 25106 results/CL0001030508.csv
  745   745 25060 results/CL0001030708.csv
  746   746 25117 results/CL0001040506.csv
 23556  23556 782765 results/CL000105060708.csv
  748   748 25164 results/CL000203040608.csv
  744   744 25057 results/CL0002030408.csv
  746   746 25035 results/CL0002040608.csv
  738   738 24858 results/CL0003.csv
  742   742 24928 results/CL00030406.csv
  752   752 25296 results/CL0003040608.csv
  747   747 25134 results/CL0003040708.csv
  750   750 25203 results/CL000305.csv
  743   743 24980 results/CL0003050607.csv
  744   744 25025 results/CL000305060708.csv
  744   744 25013 results/CL00030607.csv
 23556  23556 782765 results/CL000607.csv
 23556  23556 782765 results/CL00060708.csv
  745   745 25032 results/CL01030405.csv
  750   750 25227 results/CL01030508.csv
 23556  23556 782765 results/CL010405.csv
 23556  23556 782765 results/CL01040508.csv
 23556  23556 782765 results/CL010406.csv
  755   755 25354 results/CL010506.csv
  753   753 25309 results/CL010508.csv
  752   752 25308 results/CL02030407.csv
  746   746 25101 results/CL020405.csv
  762   762 25629 results/CL0304.csv
  752   752 25282 results/CL03040507.csv
  744   744 25017 results/CL030408.csv
  747   747 25102 results/CL03060708.csv
  738   738 24761 results/CL0405.csv
  750   750 25173 results/CL050608.csv
 23556  23556 782765 results/CL07.csv
 23556  23556 782765 results/CLxx.csv
